0 13 7 0 25 11 0 0 24 23 19 18 4 0 20 15 22 16 8 5 0 3 14 9 12 
0 0 0 22 2 3 17 5 10 7 11 23 24 0 13 1 6 0 14 0 0 0 0 18 20 
15 1 16 14 4 20 18 0 25 0 7 2 0 0 8 0 3 9 24 19 13 6 5 0 10 
5 0 20 24 0 14 0 4 6 8 12 0 0 0 0 0 0 25 0 0 16 0 0 2 7 
0 0 0 3 12 0 0 0 0 19 0 6 14 25 0 7 0 0 17 20 0 22 24 0 1 
18 10 0 9 19 0 21 6 1 22 0 0 0 0 17 25 5 11 3 7 24 12 8 20 23 
4 0 11 0 0 24 25 3 0 14 0 0 19 0 2 18 21 0 10 0 22 9 7 1 0 
0 0 22 1 0 0 13 2 15 5 9 0 0 8 7 17 0 0 0 0 0 0 16 25 11 
7 17 0 5 0 10 0 18 0 9 0 0 22 11 25 24 0 15 20 1 19 2 0 0 0 
16 25 3 21 6 8 7 11 19 0 1 0 0 0 0 13 2 22 0 0 10 14 0 15 5 
0 0 5 13 15 2 14 0 18 16 0 22 11 0 6 4 0 10 1 0 23 19 20 24 9 
17 22 21 18 9 0 5 13 12 24 20 4 0 2 19 3 23 0 7 15 11 8 10 0 0 
25 0 0 8 1 0 3 21 0 11 0 9 16 0 0 12 20 19 0 24 17 15 0 5 14 
24 0 14 23 0 25 0 0 8 10 0 17 5 3 12 0 0 6 0 18 7 1 13 4 21 
10 19 4 16 20 0 9 0 17 1 24 25 7 13 0 8 0 21 5 0 6 18 22 12 3 
0 15 12 20 0 1 24 0 14 3 22 11 0 19 9 0 18 0 0 25 5 0 23 0 4 
0 0 18 0 0 0 0 9 21 12 17 7 25 0 3 6 13 24 15 23 1 16 0 22 0 
3 23 13 0 8 5 20 17 11 0 10 0 2 18 16 22 1 7 4 12 25 0 9 21 0 
22 9 25 6 10 0 4 23 16 0 13 1 0 24 21 5 0 0 11 14 18 20 12 17 15 
0 16 0 11 0 13 0 25 22 18 0 0 23 5 0 21 8 20 0 0 14 7 3 0 2 
8 0 0 0 0 15 23 0 3 20 2 16 13 7 4 0 24 18 0 0 12 10 0 14 22 
11 6 19 12 3 17 8 0 2 13 5 15 0 9 18 14 0 1 25 22 0 23 21 7 24 
9 0 15 10 22 18 11 0 7 0 0 19 3 12 23 20 17 13 6 4 0 5 1 0 16 
13 4 23 2 16 21 1 14 9 6 25 24 10 0 0 19 0 5 0 0 0 11 15 0 0 
14 20 24 0 0 0 12 22 5 4 6 0 21 1 0 0 15 23 2 3 0 25 0 13 19 
