0 0 16 0 0 0 18 7 0 0 0 0 0 11 0 0 2 13 0 0 0 0 0 0 0 
0 0 13 15 0 0 4 0 0 0 12 0 24 0 0 0 0 9 10 20 0 0 0 0 0 
0 9 0 14 12 1 3 0 0 0 0 16 0 0 2 11 0 0 17 15 4 0 10 0 21 
0 2 0 0 19 6 14 16 0 0 9 7 4 3 0 23 0 0 8 0 13 17 0 0 18 
0 10 24 23 25 0 0 21 0 0 0 0 19 13 15 0 7 4 3 0 14 20 1 16 0 
0 0 0 4 0 9 0 0 0 3 0 0 2 0 0 0 12 23 0 0 0 0 21 0 5 
1 0 7 12 5 0 11 0 4 21 0 0 8 0 0 2 9 0 0 3 0 15 0 0 24 
2 0 11 16 6 0 0 0 0 0 21 0 3 25 0 0 0 17 15 13 10 9 0 0 7 
0 25 10 0 0 0 7 17 2 6 11 12 1 15 0 0 0 0 0 0 23 4 0 0 3 
0 0 21 0 3 0 0 0 0 0 6 0 0 18 5 0 8 0 11 22 16 0 14 0 0 
0 0 0 9 8 7 21 0 0 13 0 0 0 10 0 24 0 0 0 0 0 0 0 17 6 
12 0 0 0 11 0 0 0 0 18 0 19 0 0 0 0 0 0 6 1 5 21 22 8 23 
0 24 25 0 0 0 0 0 0 0 15 0 12 20 0 3 0 22 0 0 0 0 0 0 0 
4 16 6 21 0 0 0 1 0 20 0 0 0 0 13 0 11 15 0 25 0 0 0 0 0 
0 1 0 18 0 0 0 15 0 14 0 23 0 0 24 12 17 8 2 16 7 0 0 10 0 
0 22 0 1 20 0 0 0 12 16 0 0 14 0 17 10 0 0 0 4 0 7 25 24 0 
0 6 0 0 0 21 0 9 25 0 0 3 0 23 0 0 0 0 0 7 12 0 0 0 8 
25 0 12 13 14 8 0 0 0 7 20 0 0 0 0 0 0 16 21 0 0 0 6 2 0 
0 5 3 0 0 0 0 14 18 0 25 0 9 0 12 19 0 6 24 8 0 0 0 0 0 
0 0 0 8 0 15 20 0 0 0 0 24 0 16 6 0 25 2 0 0 17 14 0 23 10 
0 0 0 0 0 17 0 6 0 0 0 0 0 0 16 20 0 0 22 0 9 8 0 0 0 
13 0 9 25 0 0 0 3 0 0 10 0 17 0 21 0 0 0 4 0 2 0 0 0 0 
6 15 8 22 0 0 0 18 0 2 4 20 5 0 11 0 13 3 0 0 24 23 7 25 16 
0 0 0 5 0 0 0 0 19 0 0 22 15 0 0 0 0 0 14 18 11 12 0 6 1 
0 0 0 0 24 20 0 0 7 9 0 2 6 12 8 25 15 21 23 0 18 0 0 0 14 
