13 4 8 9 0 3 0 0 20 15 22 0 12 25 17 24 21 6 0 11 5 18 1 16 19 
6 23 24 0 2 8 13 25 0 0 16 0 19 20 9 17 5 15 18 1 22 12 11 7 14 
17 16 19 25 1 0 11 12 24 5 4 18 13 23 7 0 3 22 2 14 8 9 15 21 20 
11 0 5 14 7 18 16 17 0 0 15 8 0 21 1 9 0 13 25 20 24 4 10 2 23 
18 15 0 20 12 7 14 21 1 0 0 5 10 0 0 16 8 23 4 19 6 3 17 13 25 
1 0 13 0 21 5 19 11 0 12 0 16 0 8 23 2 6 17 9 10 14 0 24 4 0 
2 0 0 8 0 20 24 14 3 0 0 6 9 17 0 12 13 16 15 4 0 25 0 23 10 
0 5 3 12 16 21 7 1 22 17 0 10 0 2 15 19 20 14 0 23 0 8 6 18 13 
25 6 0 19 24 4 9 15 16 23 13 12 20 14 21 0 1 7 0 18 2 22 3 17 0 
23 17 14 15 9 2 6 8 13 10 1 24 7 18 4 21 25 3 0 22 19 5 20 0 16 
8 21 17 2 25 16 18 13 12 1 0 0 3 9 10 0 11 5 14 15 4 6 0 24 22 
9 0 4 5 19 17 21 23 7 20 12 15 14 11 22 0 2 25 6 24 0 13 8 10 3 
16 0 6 0 20 15 10 9 4 24 18 19 5 1 0 23 17 8 3 13 7 14 12 25 21 
10 14 15 23 13 22 8 6 2 3 0 4 0 7 25 20 19 12 16 21 11 1 5 9 18 
24 12 1 0 3 11 25 19 5 0 21 13 8 16 0 22 4 18 10 9 20 2 23 0 17 
21 0 12 0 4 24 17 3 18 19 8 20 25 5 16 11 14 1 23 7 15 10 13 0 9 
22 9 25 10 0 0 2 20 23 8 14 1 15 0 24 0 18 19 5 6 0 7 16 11 4 
14 8 7 0 5 10 0 0 15 25 9 21 2 0 19 13 22 24 17 12 23 20 0 0 6 
19 1 0 24 18 14 22 5 9 6 11 7 23 10 13 25 15 4 21 16 3 17 2 8 12 
15 13 16 3 23 0 12 7 21 0 17 22 4 6 18 8 9 10 20 0 25 19 14 0 24 
12 0 21 0 14 25 20 10 0 16 0 17 0 0 3 0 7 2 13 8 18 24 9 19 5 
20 19 23 17 15 9 1 22 8 13 6 25 0 4 14 18 24 21 12 5 10 11 7 3 2 
3 10 18 13 11 19 0 24 6 2 7 9 21 22 12 15 16 20 1 25 17 23 4 14 8 
5 24 2 16 8 12 15 4 17 0 10 11 0 19 20 14 23 0 22 3 13 21 25 6 1 
0 25 0 1 6 23 3 18 14 0 5 0 24 13 8 0 10 11 0 17 12 16 22 20 15 
