23 0 15 0 7 0 12 14 0 3 10 25 0 18 4 0 19 0 16 0 0 24 8 0 0 
5 19 0 6 8 18 0 0 0 0 0 23 16 17 9 3 13 12 24 0 0 10 15 0 0 
0 4 0 0 13 0 24 0 23 0 2 8 14 19 0 6 0 7 15 21 16 0 9 1 0 
0 14 0 0 3 17 8 0 13 0 7 0 12 0 0 18 0 25 0 0 19 0 5 22 0 
0 0 0 20 21 1 2 0 16 15 13 0 0 5 0 17 11 8 0 0 25 0 0 18 0 
0 0 13 8 5 0 0 9 0 0 23 4 22 7 14 0 17 0 6 0 0 0 12 0 0 
2 0 0 0 0 0 0 16 11 0 25 13 9 8 0 0 0 1 0 19 15 5 0 0 7 
7 1 4 24 0 23 0 15 18 0 0 0 6 0 19 0 25 10 5 16 14 0 20 0 0 
0 0 0 0 0 4 7 0 0 0 0 0 0 16 0 0 0 3 0 0 21 0 18 25 24 
12 25 0 0 15 3 0 0 0 0 0 0 18 2 0 4 0 0 11 7 0 0 0 23 0 
0 0 0 12 0 0 5 2 0 0 0 1 13 14 25 16 4 0 0 0 10 0 11 0 0 
3 17 18 14 0 8 0 0 12 0 0 11 0 0 0 25 20 0 0 1 5 4 0 7 0 
0 2 23 15 1 13 4 11 17 0 0 0 5 20 12 0 21 0 0 3 0 0 0 14 25 
0 5 0 0 9 0 6 0 25 0 0 18 19 0 3 0 0 11 0 0 1 20 2 17 16 
0 0 11 19 0 7 0 0 10 0 0 15 8 4 23 5 6 2 0 0 18 3 24 9 0 
15 22 10 0 14 0 3 0 0 0 0 19 24 0 11 7 12 17 0 0 4 0 0 20 0 
0 0 0 0 12 0 0 4 22 0 20 0 0 0 0 19 0 6 2 18 24 0 14 0 0 
13 21 0 0 4 0 15 18 0 0 12 16 0 23 10 0 5 22 3 0 11 0 0 0 0 
18 9 0 0 23 12 21 17 0 5 0 0 0 0 0 0 1 20 13 0 22 25 16 15 0 
6 16 20 0 11 0 0 7 0 0 0 0 0 22 0 15 14 23 25 4 3 2 0 12 17 
16 0 25 10 0 2 18 0 0 0 0 0 0 0 0 22 0 21 19 0 9 0 4 0 0 
0 0 5 0 2 14 0 0 0 0 0 0 0 0 6 0 0 0 1 25 23 0 19 16 11 
21 0 3 0 18 25 23 12 0 0 0 22 15 0 16 0 10 4 0 0 7 0 17 2 5 
0 0 0 0 0 10 0 0 0 0 0 3 20 25 0 0 0 9 7 0 12 6 21 24 13 
0 23 9 0 20 22 0 0 21 0 24 5 0 0 2 14 3 0 17 0 0 0 0 0 0 
