0 8 1 2 0 24 5 7 12 16 0 22 6 0 21 15 19 14 10 20 13 3 11 25 9 
0 12 18 10 15 9 8 22 4 21 7 19 1 13 0 2 16 24 3 25 6 20 5 17 23 
0 13 25 5 19 10 11 2 23 20 0 14 15 8 3 18 7 17 4 6 0 21 22 1 12 
0 22 9 6 7 14 0 3 13 18 0 25 12 20 2 23 0 8 21 11 24 19 4 15 10 
16 3 0 0 20 6 19 17 25 0 0 0 24 5 4 1 22 9 12 13 18 14 2 8 7 
10 1 12 19 0 20 15 0 22 0 6 18 13 21 23 0 0 2 5 3 9 24 17 0 0 
23 0 13 0 0 18 2 8 0 17 0 0 0 22 0 21 6 20 24 0 12 10 14 11 19 
5 0 0 8 17 7 10 4 24 0 0 12 14 2 15 22 9 0 1 16 0 6 18 23 0 
0 0 3 4 22 0 14 16 21 6 19 17 11 0 8 25 15 10 23 12 7 5 13 2 20 
21 2 24 16 6 0 23 13 5 12 20 0 4 7 10 0 17 0 14 19 25 15 8 22 1 
9 16 23 0 10 0 6 24 14 0 22 13 7 1 19 4 11 12 0 5 0 0 25 3 0 
0 15 5 0 13 23 20 0 11 1 0 0 0 0 24 17 25 6 7 0 4 12 0 19 2 
8 19 0 1 11 5 25 10 2 0 4 16 20 0 12 3 24 0 18 15 14 22 6 7 0 
3 24 6 0 4 0 17 0 7 22 10 23 0 0 18 9 0 16 19 1 11 8 0 5 21 
2 17 7 0 18 4 16 19 3 13 5 0 25 15 6 0 20 21 8 22 10 0 23 9 24 
25 0 16 18 24 11 13 15 20 4 12 7 19 23 0 0 0 22 6 17 3 0 9 0 0 
11 0 0 0 0 25 12 0 6 5 8 21 0 10 0 19 2 3 9 24 17 4 15 13 14 
12 0 2 23 8 16 0 21 1 24 13 0 0 3 9 5 0 0 11 18 19 7 10 20 0 
0 4 19 9 0 2 3 14 0 10 11 6 0 25 20 0 12 0 16 8 0 0 1 24 0 
13 6 10 17 3 8 18 0 0 7 2 24 22 4 0 20 0 1 0 23 0 11 12 16 25 
7 21 14 22 5 0 4 20 15 3 0 2 8 6 17 0 0 0 25 0 23 16 0 10 0 
6 23 8 0 0 19 21 1 10 11 0 4 9 12 13 16 18 5 0 7 20 0 3 0 22 
1 0 0 3 0 22 9 6 0 23 0 0 21 11 7 24 10 0 13 2 8 17 19 12 5 
0 10 4 0 12 17 24 25 0 14 0 0 23 16 22 6 3 11 0 21 0 0 7 0 15 
20 18 17 11 9 12 0 5 16 2 24 3 0 19 25 8 0 15 22 14 1 13 21 6 4 
