18 0 0 6 1 9 15 20 0 14 23 19 0 4 0 8 10 0 0 0 0 0 0 22 0 
0 0 0 3 0 0 23 0 0 1 0 17 5 7 6 11 19 21 9 0 24 0 0 14 15 
13 19 8 0 10 2 11 6 0 4 0 25 0 0 22 24 0 0 14 0 21 0 0 23 0 
5 7 25 4 15 16 0 0 12 0 0 9 14 0 0 2 0 0 22 0 0 11 0 19 0 
0 17 0 11 12 22 0 0 10 0 3 16 0 13 0 1 0 0 0 0 0 0 20 0 0 
0 0 23 12 2 0 0 0 0 7 0 6 25 14 3 4 0 17 20 21 0 0 0 0 19 
0 0 13 21 14 0 1 0 2 19 0 0 0 0 4 25 9 11 0 22 6 12 0 0 0 
4 0 17 7 0 0 13 12 0 0 0 0 0 0 9 0 0 10 0 0 0 18 16 11 1 
9 0 0 15 0 6 0 18 0 0 0 5 0 11 0 0 0 14 12 16 7 17 0 24 0 
3 1 0 16 6 0 14 0 0 10 19 15 17 22 0 7 0 0 5 0 0 23 2 25 0 
17 0 0 0 0 0 0 0 0 0 8 0 7 0 1 16 0 25 23 0 22 20 0 6 21 
0 4 0 0 20 0 0 0 11 0 0 0 0 0 17 0 24 9 0 8 0 16 15 0 0 
0 0 0 0 0 14 0 25 8 9 0 0 0 0 0 17 7 0 0 20 0 0 0 13 24 
0 13 22 0 0 0 0 3 4 16 0 11 9 0 15 5 0 19 10 2 23 14 17 0 18 
14 0 16 10 8 12 0 15 0 20 0 23 21 0 13 6 0 22 18 11 25 7 9 0 0 
11 23 1 0 0 0 12 0 0 0 0 3 24 21 25 15 0 5 0 14 10 0 0 16 13 
0 16 6 0 0 0 0 4 13 11 0 7 0 0 0 0 0 8 3 10 15 25 0 18 2 
0 24 15 13 19 20 0 7 0 0 11 0 0 17 18 0 0 6 4 9 5 3 0 0 0 
0 12 21 2 0 0 0 0 0 0 22 0 15 0 14 0 0 7 19 0 1 9 4 20 0 
0 0 4 0 3 21 18 0 0 15 0 2 0 8 23 13 0 16 0 1 12 22 0 0 14 
16 0 0 23 13 0 0 9 0 6 15 0 0 5 0 0 0 0 0 18 17 0 1 7 22 
1 0 0 17 4 3 16 0 19 23 0 8 0 9 0 0 0 24 7 12 0 15 0 5 0 
19 0 12 0 0 18 0 0 0 0 17 14 4 0 7 0 21 15 0 0 13 8 10 0 0 
0 0 2 22 21 11 8 14 0 17 10 20 13 0 16 9 5 4 0 19 0 0 0 12 0 
0 14 5 0 0 0 0 0 21 12 1 22 3 18 0 0 0 23 0 25 20 2 0 4 16 
