20 1 17 25 8 23 10 24 19 22 5 14 4 18 16 2 13 15 12 6 3 9 7 21 11 
22 3 23 7 0 14 4 1 18 21 6 24 15 25 11 10 0 8 9 5 20 13 12 2 19 
13 15 14 19 18 3 11 17 0 8 12 0 10 2 9 1 25 4 21 20 6 24 16 5 23 
0 11 4 21 9 6 2 20 16 12 8 23 3 17 13 24 7 19 14 22 15 18 1 0 10 
2 24 12 6 10 15 13 25 9 5 19 21 7 20 1 0 23 16 3 11 4 17 22 8 0 
18 14 0 16 21 17 23 6 12 4 2 15 8 11 19 5 10 13 20 3 24 1 25 7 22 
3 12 25 1 13 2 5 10 8 9 24 18 22 6 14 16 15 23 4 7 11 21 0 19 17 
7 2 15 17 22 25 24 14 20 19 10 4 1 12 21 11 18 9 6 8 16 3 5 23 0 
8 10 24 23 0 21 18 3 13 11 16 25 20 5 7 17 0 1 2 19 14 15 6 12 9 
19 20 6 0 5 1 15 7 22 0 0 9 13 23 3 14 21 12 24 25 10 2 18 4 8 
4 17 13 24 15 22 14 23 0 10 9 20 0 0 25 12 0 21 16 1 18 8 11 3 7 
0 7 11 22 2 9 16 13 0 25 23 17 21 3 6 20 8 0 19 18 0 10 14 24 4 
10 6 3 9 19 4 21 8 5 24 11 16 0 1 18 13 14 22 7 17 25 23 15 20 12 
16 8 21 5 23 18 3 19 1 20 15 0 14 7 12 9 11 24 25 4 2 22 0 17 6 
14 18 1 20 25 11 6 12 17 7 4 8 24 13 22 3 2 10 23 15 19 16 21 9 5 
6 23 8 15 11 0 17 4 10 1 3 5 16 22 24 7 0 14 13 2 21 25 19 18 20 
9 4 19 10 3 5 0 16 14 15 18 2 6 0 0 21 20 11 1 12 22 7 23 13 0 
25 22 18 12 7 20 8 0 6 3 13 11 9 21 4 23 19 17 15 24 5 14 10 16 1 
17 21 20 13 14 7 9 0 24 23 25 1 19 10 0 4 5 6 22 16 8 0 2 11 3 
0 16 5 2 0 19 22 21 11 13 7 12 23 14 0 25 3 18 8 10 17 4 9 6 15 
21 9 7 4 0 10 20 22 25 18 14 6 12 0 5 8 1 3 11 13 0 19 24 15 2 
11 25 10 3 20 0 7 5 4 14 22 19 18 24 23 15 12 2 17 9 13 6 8 1 21 
15 5 16 14 6 24 1 11 3 0 21 13 25 9 8 19 0 7 10 23 12 20 17 22 18 
1 13 2 18 12 0 19 15 23 6 20 7 17 4 10 0 24 25 5 21 9 11 3 14 16 
23 19 22 8 24 13 12 9 21 17 1 3 11 15 2 6 16 0 18 14 7 5 0 10 25 
