5 14 0 7 11 0 19 0 18 8 0 0 0 6 0 25 0 24 16 13 0 10 0 23 3 
9 6 4 0 0 14 0 24 11 0 18 0 0 3 19 0 0 0 10 5 17 21 0 0 0 
0 0 24 3 17 0 0 25 16 7 8 20 0 4 11 18 6 15 0 23 0 9 14 19 2 
21 0 8 2 25 12 4 0 13 1 0 10 0 9 0 20 22 14 11 0 15 5 0 0 18 
1 15 18 23 22 2 6 21 10 0 17 14 0 0 7 0 3 12 8 19 13 16 0 20 11 
0 0 0 8 14 0 11 0 21 25 0 9 4 0 6 23 12 0 3 16 22 0 0 24 0 
0 0 0 9 19 24 0 12 2 0 0 0 1 22 16 15 7 25 0 8 0 23 0 0 17 
24 23 16 0 1 18 0 22 14 13 0 5 0 25 3 0 4 2 0 6 0 7 0 0 10 
22 0 25 15 0 1 23 0 0 0 0 0 0 14 8 5 18 0 0 21 11 0 16 0 0 
2 21 0 6 18 15 0 0 8 0 23 0 0 13 10 0 19 0 24 0 14 0 20 25 0 
15 25 11 4 2 0 0 0 0 24 12 0 0 0 5 0 14 23 0 1 19 0 3 21 0 
16 24 6 0 23 0 3 13 0 0 0 8 0 0 4 0 0 0 0 0 2 0 1 14 22 
0 10 0 14 3 0 18 1 4 0 15 13 6 20 24 19 21 0 7 2 23 8 11 0 16 
19 1 0 0 5 22 0 0 23 12 0 3 17 2 25 0 11 4 15 10 0 20 0 18 0 
0 8 0 13 0 11 0 2 6 15 7 0 0 0 0 0 0 0 0 24 0 0 25 4 9 
25 3 12 0 8 0 0 0 0 0 22 16 0 0 15 24 0 21 0 14 9 0 0 11 0 
6 2 0 0 0 0 0 0 12 0 0 0 20 24 0 0 0 8 22 3 0 19 23 0 21 
14 17 15 1 0 0 24 18 0 19 0 0 21 7 13 12 20 0 2 11 0 0 0 16 4 
11 16 21 20 7 0 0 10 0 0 0 18 0 0 12 17 5 0 6 0 25 24 0 0 0 
4 5 0 0 24 0 1 11 0 0 0 19 3 0 0 13 10 0 0 25 12 0 7 0 15 
7 22 0 24 16 9 8 20 15 10 5 0 23 0 0 21 13 11 19 0 0 25 0 3 14 
3 0 0 25 21 0 16 4 17 22 10 0 8 19 0 0 23 18 9 15 7 0 0 0 1 
23 0 1 10 0 3 5 7 24 21 0 0 0 15 0 14 16 0 0 22 20 0 0 0 8 
20 9 17 11 15 19 12 23 1 0 13 25 14 21 22 3 8 5 4 7 16 6 10 2 0 
8 0 0 5 6 0 0 14 25 0 0 7 0 0 0 0 0 17 1 20 21 22 9 15 23 
