10 11 15 3 8 14 7 13 0 6 1 4 9 0 12 16 
12 8 6 1 10 9 2 15 0 16 13 7 0 4 0 0 
13 9 14 5 6 0 1 0 12 10 11 2 15 3 8 7 
16 4 2 0 3 5 0 11 8 15 0 14 13 0 6 10 
2 6 0 0 11 16 3 5 7 1 4 15 12 13 0 14 
1 14 0 4 13 15 0 7 10 2 12 5 11 6 16 9 
7 10 13 11 14 0 4 12 16 0 0 9 1 0 0 15 
0 16 0 15 9 1 10 2 11 13 14 0 0 7 3 4 
14 15 16 10 1 2 6 8 4 0 7 0 0 11 0 12 
6 12 7 13 4 10 16 9 1 0 0 11 2 14 0 5 
11 1 0 2 0 12 15 3 14 0 0 16 7 0 0 13 
4 3 5 9 7 11 13 14 2 12 0 10 6 16 1 8 
9 0 4 16 12 8 5 1 13 11 2 3 10 0 14 6 
8 13 11 14 16 3 9 0 15 4 10 1 5 12 7 2 
15 0 1 0 2 0 14 0 9 7 16 12 0 8 11 3 
3 2 10 12 15 7 11 4 0 14 5 8 16 9 0 1 
